#ifndef __CONSTANTS_MASS_H
#define __CONSTANTS_MASS_H
double mass_g[15*15] = {0.010724285141018064, -0.0064651915474997447, 0.0028548398197251849, 0.00021740235230695548, -0.000452909263349147, -0.0064651915474997533, 0.00673429619260991, -0.00069480097431035622, -0.0032051643853625244, 0.0028548398197251862, -0.0006948009743103585, -0.0068538007074049325, 0.00021740235230694984, -0.0032051643853625322, -0.00045290926334915616, -0.0064651915474997447, 0.062801140883934611, -0.008464255262476102, 0.0014257685605054483, 0.00021740235230695648, 0.028416056476082027, 0.013836895519887293, -0.0029865943095899439, 0.0081895333415846119, -0.015243832167610155, -0.0074240019943346168, 0.011475585846286922, 0.0081895333415846275, 0.003968012160146017, -0.0032051643853625235, 0.0028548398197251849, -0.008464255262476102, 0.08204499853465741, -0.00846425526247608, 0.0028548398197251871, -0.015243832167610126, 0.036781249416057794, 0.036781249416057774, -0.01524383216761011, -0.0097474084244789736, -0.029133678908819027, -0.0097474084244789875, 0.011475585846286936, 0.011475585846286943, -0.0068538007074049317, 0.00021740235230695548, 0.0014257685605054483, -0.00846425526247608, 0.062801140883934709, -0.006465191547499749, 0.008189533341584624, -0.0029865943095900315, 0.013836895519887217, 0.028416056476082006, 0.011475585846286884, -0.0074240019943346662, -0.015243832167610117, 0.0039680121601459988, 0.0081895333415846067, -0.0032051643853625222, -0.000452909263349147, 0.00021740235230695648, 0.0028548398197251871, -0.006465191547499749, 0.010724285141018069, -0.0032051643853625196, -0.000694800974310297, 0.0067342961926099305, -0.00646519154749975, -0.0068538007074049195, -0.00069480097431032879, 0.0028548398197251745, -0.003205164385362514, 0.00021740235230696583, -0.00045290926334915573, -0.0064651915474997533, 0.028416056476082027, -0.015243832167610126, 0.008189533341584624, -0.0032051643853625196, 0.062801140883934611, 0.013836895519887277, -0.0074240019943346358, 0.00396801216014601, -0.0084642552624761211, -0.0029865943095900406, 0.011475585846286914, 0.0014257685605054604, 0.00818953334158463, 0.00021740235230695911, 0.00673429619260991, 0.013836895519887293, 0.036781249416057794, -0.0029865943095900315, -0.000694800974310297, 0.013836895519887277, 0.32873928458241558, 0.0076782409257315056, -0.0074240019943346046, 0.036781249416057732, 0.0076782409257313434, -0.029133678908819037, -0.0029865943095899773, -0.0074240019943345344, -0.00069480097431034527, -0.00069480097431035622, -0.0029865943095899439, 0.036781249416057774, 0.013836895519887217, 0.0067342961926099305, -0.0074240019943346358, 0.0076782409257315056, 0.32873928458241553, 0.013836895519887291, -0.029133678908819089, 0.00767824092573129, 0.036781249416057767, -0.0074240019943345821, -0.0029865943095899712, -0.00069480097431034137, -0.0032051643853625244, 0.0081895333415846119, -0.01524383216761011, 0.028416056476082006, -0.00646519154749975, 0.00396801216014601, -0.0074240019943346046, 0.013836895519887291, 0.06280114088393457, 0.011475585846286889, -0.0029865943095900562, -0.0084642552624760725, 0.0081895333415845963, 0.0014257685605054368, 0.00021740235230696366, 0.0028548398197251862, -0.015243832167610155, -0.0097474084244789736, 0.011475585846286884, -0.0068538007074049195, -0.0084642552624761211, 0.036781249416057732, -0.029133678908819089, 0.011475585846286889, 0.08204499853465741, 0.03678124941605778, -0.0097474084244789858, -0.0084642552624761037, -0.015243832167610166, 0.0028548398197251927, -0.0006948009743103585, -0.0074240019943346168, -0.029133678908819027, -0.0074240019943346662, -0.00069480097431032879, -0.0029865943095900406, 0.0076782409257313434, 0.00767824092573129, -0.0029865943095900562, 0.03678124941605778, 0.32873928458241558, 0.036781249416057822, 0.013836895519887217, 0.013836895519887241, 0.0067342961926099565, -0.0068538007074049325, 0.011475585846286922, -0.0097474084244789875, -0.015243832167610117, 0.0028548398197251745, 0.011475585846286914, -0.029133678908819037, 0.036781249416057767, -0.0084642552624760725, -0.0097474084244789858, 0.036781249416057822, 0.08204499853465741, -0.015243832167610117, -0.0084642552624760569, 0.00285483981972519, 0.00021740235230694984, 0.0081895333415846275, 0.011475585846286936, 0.0039680121601459988, -0.003205164385362514, 0.0014257685605054604, -0.0029865943095899773, -0.0074240019943345821, 0.0081895333415845963, -0.0084642552624761037, 0.013836895519887217, -0.015243832167610117, 0.0628011408839347, 0.028416056476082033, -0.0064651915474997464, -0.0032051643853625322, 0.003968012160146017, 0.011475585846286943, 0.0081895333415846067, 0.00021740235230696583, 0.00818953334158463, -0.0074240019943345344, -0.0029865943095899712, 0.0014257685605054368, -0.015243832167610166, 0.013836895519887241, -0.0084642552624760569, 0.028416056476082033, 0.062801140883934639, -0.0064651915474997481, -0.00045290926334915616, -0.0032051643853625235, -0.0068538007074049317, -0.0032051643853625222, -0.00045290926334915573, 0.00021740235230695911, -0.00069480097431034527, -0.00069480097431034137, 0.00021740235230696366, 0.0028548398197251927, 0.0067342961926099565, 0.00285483981972519, -0.0064651915474997464, -0.0064651915474997481, 0.010724285141018074};
#endif
