#ifndef __CONSTANTS_INVMASS_H
#define __CONSTANTS_INVMASS_H
double invMass_g[15*15] = {112.50000000000009, 7.0527596731669533, 0.9375000000000081, -2.7670453874526766, 7.5000000000000311, 7.0527596731669817, -2.0920965257561241, -0.66674739621855716, 7.500000000000016, 0.93749999999999611, -0.66674739621855261, 7.5000000000000142, -2.7670453874526828, 7.5000000000000044, 7.5000000000000089, 7.0527596731669533, 23.724489795918373, 1.7410714285714377, 0.76530612244899032, -2.7670453874526708, -8.3282036115013049, -1.7444312644297304, 0.6708539983137104, -3.4766763848396574, 3.9782365610165815, 0.39555433741867146, -2.7728794181594374, -3.4766763848396485, 2.2932181887607781, 7.5000000000000089, 0.9375000000000081, 1.7410714285714377, 18.164062500000007, 1.7410714285714233, 0.9375000000000081, 3.9782365610165793, -2.2588517296881068, -2.2588517296881068, 3.97823656101658, 0.52734374999999944, 1.8319291099141313, 0.52734374999999944, -2.7728794181594352, -2.7728794181594365, 7.5000000000000089, -2.7670453874526766, 0.76530612244899032, 1.7410714285714233, 23.724489795918327, 7.0527596731669622, -3.4766763848396547, 0.67085399831371118, -1.7444312644297242, -8.3282036115012961, -2.7728794181594312, 0.39555433741866952, 3.9782365610165704, 2.2932181887607697, -3.4766763848396423, 7.4999999999999893, 7.5000000000000311, -2.7670453874526708, 0.9375000000000081, 7.0527596731669622, 112.50000000000009, 7.5000000000000124, -0.66674739621855872, -2.0920965257561206, 7.052759673167, 7.5000000000000142, -0.66674739621855261, 0.93749999999999611, 7.4999999999999893, -2.7670453874526864, 7.5000000000000089, 7.0527596731669817, -8.3282036115013049, 3.9782365610165793, -3.4766763848396547, 7.5000000000000124, 23.72448979591838, -1.7444312644297322, 0.39555433741867313, 2.2932181887607759, 1.741071428571435, 0.67085399831371206, -2.7728794181594405, 0.76530612244897989, -3.4766763848396529, -2.767045387452685, -2.0920965257561241, -1.7444312644297304, -2.2588517296881068, 0.67085399831371118, -0.66674739621855872, -1.7444312644297322, 3.9412010050542055, -0.31077080769566634, 0.39555433741867263, -2.2588517296881077, -0.31077080769566523, 1.8319291099141324, 0.67085399831371162, 0.39555433741866985, -0.66674739621855261, -0.66674739621855716, 0.6708539983137104, -2.2588517296881068, -1.7444312644297242, -2.0920965257561206, 0.39555433741867313, -0.31077080769566634, 3.9412010050542063, -1.744431264429734, 1.8319291099141326, -0.31077080769566534, -2.2588517296881077, 0.39555433741866991, 0.670853998313713, -0.66674739621855261, 7.500000000000016, -3.4766763848396574, 3.97823656101658, -8.3282036115012961, 7.052759673167, 2.2932181887607759, 0.39555433741867263, -1.744431264429734, 23.724489795918394, -2.7728794181594396, 0.6708539983137124, 1.7410714285714328, -3.4766763848396471, 0.76530612244898155, -2.7670453874526859, 0.93749999999999611, 3.9782365610165815, 0.52734374999999944, -2.7728794181594312, 7.5000000000000142, 1.741071428571435, -2.2588517296881077, 1.8319291099141326, -2.7728794181594396, 18.164062500000007, -2.2588517296881063, 0.52734374999999756, 1.7410714285714244, 3.9782365610165829, 0.93749999999999911, -0.66674739621855261, 0.39555433741867146, 1.8319291099141313, 0.39555433741866952, -0.66674739621855261, 0.67085399831371206, -0.31077080769566523, -0.31077080769566534, 0.6708539983137124, -2.2588517296881063, 3.9412010050542046, -2.2588517296881063, -1.7444312644297262, -1.7444312644297297, -2.092096525756121, 7.5000000000000142, -2.7728794181594374, 0.52734374999999944, 3.9782365610165704, 0.93749999999999611, -2.7728794181594405, 1.8319291099141324, -2.2588517296881077, 1.7410714285714328, 0.52734374999999756, -2.2588517296881063, 18.164062500000007, 3.9782365610165749, 1.7410714285714268, 0.93749999999999911, -2.7670453874526828, -3.4766763848396485, -2.7728794181594352, 2.2932181887607697, 7.4999999999999893, 0.76530612244897989, 0.67085399831371162, 0.39555433741866991, -3.4766763848396471, 1.7410714285714244, -1.7444312644297262, 3.9782365610165749, 23.724489795918338, -8.3282036115012961, 7.0527596731669693, 7.5000000000000044, 2.2932181887607781, -2.7728794181594365, -3.4766763848396423, -2.7670453874526864, -3.4766763848396529, 0.39555433741866985, 0.670853998313713, 0.76530612244898155, 3.9782365610165829, -1.7444312644297297, 1.7410714285714268, -8.3282036115012961, 23.724489795918377, 7.0527596731669853, 7.5000000000000089, 7.5000000000000089, 7.5000000000000089, 7.4999999999999893, 7.5000000000000089, -2.767045387452685, -0.66674739621855261, -0.66674739621855261, -2.7670453874526859, 0.93749999999999911, -2.092096525756121, 0.93749999999999911, 7.0527596731669693, 7.0527596731669853, 112.50000000000003};
#endif
