#ifndef __CONSTANTS_INVMASS_H
#define __CONSTANTS_INVMASS_H
double invMass_g[6*6] = {18.000000000000007, -0.75000000000000044, 3.0000000000000053, -0.75000000000000067, 2.9999999999999991, 3, -0.75000000000000044, 4.8750000000000009, -0.75000000000000122, -1.6875000000000002, -1.6875000000000009, 3.0000000000000018, 3.0000000000000053, -0.75000000000000122, 18.000000000000004, 3.0000000000000009, -0.74999999999999811, 3.0000000000000018, -0.75000000000000067, -1.6875000000000002, 3.0000000000000009, 4.8750000000000009, -1.6874999999999989, -0.75000000000000044, 2.9999999999999991, -1.6875000000000009, -0.74999999999999811, -1.6874999999999989, 4.8749999999999982, -0.75000000000000122, 3, 3.0000000000000018, 3.0000000000000018, -0.75000000000000044, -0.75000000000000122, 18.000000000000004};
#endif
